33
-1
-1
-1
-1
22
68
116
33
-1
-1
-1
22
-1
-1
116
29
29
94
-1
-1
85
-1
-1
-1
-1
-1
82
-1
71
12
-1
77
-1
-1
46
-1
-1
12
29
-1
69
-1
-1
71
-1
88
-1
-1
22
84
73
41
-1
-1
82
-1
43
-1
22
-1
-1
28
116
13
97
116
-1
-1
68
-1
12
-1
95
95
-1
-1
-1
22
-1
-1
0
53
18
-1
-1
53
-1
-1
-1
-1
22
-1
-1
5
13
-1
95
12
71
-1
82
123
71
-1
-1
-1
94
46
-1
82
-1
-1
-1
-1
-1
-1
-1
53
16
-1
-1
-1
94
12
-1
-1
-1
-1
74
-1
73
-1
-1
30
82
-1
-1
-1
-1
-1
110
84
28
116
33
68
-1
41
123
53
123
85
-1
116
-1
-1
-1
-1
-1
82
-1
77
3
-1
-1
-1
41
-1
36
123
41
-1
-1
116
71
18
29
71
-1
71
50
116
68
64
-1
-1
43
68
-1
-1
29
53
82
108
84
-1
71
123
-1
53
-1
-1
-1
-1
22
-1
29
-1
58
-1
116
-1
-1
-1
68
-1
-1
70
12
46
-1
-1
103
29
123
-1
71
-1
-1
28
28
-1
-1
86
-1
116
-1
16
-1
12
123
84
41
12
116
-1
16
43
29
-1
82
-1
110
-1
123
123
-1
74
-1
-1
123
-1
43
28
-1
43
116
3
5
-1
71
78
-1
-1
97
41
85
86
123
-1
77
88
-1
77
68
68
-1
-1
-1
28
110
29
24
30
84
84
-1
-1
-1
-1
124
-1
36
-1
13
-1
30
-1
107
-1
-1
-1
16
-1
-1
31
-1
50
71
-1
19
18
-1
71
-1
-1
-1
-1
110
7
-1
-1
29
-1
-1
84
-1
16
12
123
5
13
43
77
123
-1
-1
22
78
97
13
116
116
116
-1
-1
-1
-1
82
28
95
123
-1
-1
53
-1
-1
-1
42
84
71
123
43
3
-1
77
30
-1
124
-1
-1
78
108
12
88
-1
116
3
-1
-1
-1
-1
-1
-1
-1
-1
123
13
28
-1
103
-1
-1
-1
-1
29
95
110
-1
103
67
41
86
19
-1
43
-1
-1
118
28
-1
116
94
-1
71
123
22
82
25
-1
-1
-1
-1
-1
82
-1
29
86
-1
-1
82
-1
123
5
-1
116
103
116
-1
-1
-1
-1
-1
82
-1
28
95
-1
71
69
-1
30
28
118
22
116
123
-1
116
-1
123
95
116
-1
-1
-1
-1
-1
95
-1
-1
-1
116
58
-1
-1
-1
78
-1
-1
-1
116
103
-1
67
3
82
-1
103
25
94
41
64
50
41
25
-1
64
71
13
-1
116
22
84
42
-1
-1
29
-1
41
43
-1
-1
-1
-1
29
-1
28
-1
30
116
43
-1
-1
-1
29
95
116
82
3
77
-1
-1
5
-1
116
5
-1
25
-1
-1
43
-1
28
12
95
-1
64
116
118
-1
116
29
116
-1
71
-1
71
-1
-1
-1
-1
-1
24
-1
-1
33
68
-1
5
22
41
46
-1
41
-1
73
-1
