5
13
8
-1
9
9
-1
-1
8
13
10
3
16
14
13
-1
9
-1
6
-1
3
-1
-1
9
-1
-1
13
8
-1
13
-1
-1
3
-1
8
9
-1
14
-1
-1
9
-1
-1
-1
6
9
-1
10
-1
9
-1
9
-1
14
0
0
14
13
10
-1
6
-1
-1
-1
10
-1
13
0
-1
10
-1
-1
8
13
3
10
14
10
-1
10
13
13
-1
-1
9
-1
8
-1
14
13
-1
14
14
-1
10
-1
6
-1
-1
-1
-1
17
8
-1
13
13
8
-1
-1
9
8
9
10
-1
3
-1
10
13
13
13
13
-1
13
-1
9
-1
-1
13
14
9
-1
14
13
-1
-1
-1
10
13
6
-1
-1
13
14
3
8
-1
8
7
-1
-1
10
6
-1
-1
-1
14
10
13
14
13
14
8
14
-1
13
13
14
14
13
13
10
0
-1
-1
10
10
3
9
13
-1
-1
-1
10
10
8
3
-1
-1
-1
14
9
14
-1
10
13
-1
8
8
-1
14
8
-1
9
10
9
8
9
14
-1
10
13
13
8
-1
-1
10
