-1
10
-1
-1
17
14
14
-1
10
13
-1
-1
3
-1
13
13
-1
-1
-1
-1
-1
-1
9
13
9
6
-1
6
-1
13
13
-1
-1
10
7
8
13
8
14
13
13
-1
-1
-1
10
10
-1
3
10
10
13
8
-1
13
8
13
14
-1
7
-1
8
14
14
7
14
0
-1
13
8
13
14
10
8
8
8
-1
13
7
0
14
-1
8
14
13
10
9
13
10
-1
3
10
10
10
10
14
13
13
14
13
14
-1
10
13
10
-1
13
14
10
13
10
10
9
-1
-1
-1
9
6
-1
9
9
-1
-1
8
3
-1
-1
8
13
13
10
14
2
13
3
-1
9
10
0
10
-1
-1
14
9
-1
-1
13
-1
14
8
3
-1
8
10
10
3
14
-1
8
-1
10
-1
-1
10
-1
6
8
-1
9
-1
10
-1
-1
14
10
-1
10
13
13
3
13
14
-1
13
10
14
-1
13
10
10
-1
9
-1
14
10
-1
-1
10
9
10
14
10
10
8
10
3
3
13
-1
10
0
10
14
-1
10
0
13
-1
13
-1
-1
14
10
-1
13
7
13
9
14
9
10
7
9
0
-1
14
13
-1
14
-1
9
13
-1
14
-1
8
3
13
-1
13
13
13
14
14
13
-1
5
-1
13
6
8
-1
-1
-1
-1
-1
9
13
10
-1
14
-1
1
3
13
14
-1
-1
15
-1
6
10
13
-1
13
-1
-1
13
-1
-1
-1
-1
-1
9
-1
14
-1
9
9
13
13
10
10
13
-1
9
8
-1
9
8
9
0
13
13
-1
-1
14
6
3
9
0
16
-1
6
14
-1
10
10
-1
9
-1
-1
-1
-1
8
-1
14
10
9
8
-1
-1
13
16
14
7
13
-1
13
14
-1
-1
-1
-1
3
13
8
13
9
9
-1
9
-1
-1
10
13
13
9
14
13
13
-1
14
14
-1
9
9
-1
-1
9
-1
9
-1
13
-1
10
7
-1
14
-1
13
11
9
10
0
11
6
2
9
-1
8
14
13
-1
-1
-1
13
10
-1
9
10
-1
-1
10
13
-1
13
13
10
10
8
7
-1
13
-1
10
14
9
-1
-1
10
-1
10
14
-1
9
10
10
