104
100
70
3
28
-1
50
53
116
29
25
12
110
1
33
82
116
68
82
-1
-1
12
-1
13
-1
123
82
-1
97
-1
104
-1
84
118
27
123
53
110
124
-1
12
-1
-1
22
71
15
30
123
-1
110
-1
22
-1
-1
-1
84
-1
50
68
-1
25
116
77
71
-1
5
5
13
44
25
82
-1
28
123
84
16
29
13
123
71
-1
1
-1
53
16
-1
-1
22
-1
-1
-1
82
-1
108
-1
116
76
71
30
-1
-1
-1
16
-1
30
-1
-1
82
68
3
28
25
41
-1
-1
-1
3
-1
-1
95
104
-1
-1
-1
-1
-1
54
42
30
123
88
-1
16
65
12
-1
55
1
-1
41
97
94
7
86
-1
61
-1
19
5
3
29
105
-1
29
25
-1
16
-1
116
12
82
92
43
12
24
-1
22
5
5
41
30
82
30
1
53
53
-1
1
123
-1
116
29
12
29
28
13
-1
29
64
5
-1
-1
5
-1
109
15
104
-1
-1
-1
29
13
25
-1
16
-1
71
25
-1
-1
13
-1
74
32
-1
-1
54
116
88
22
12
28
-1
91
-1
42
37
84
1
-1
3
-1
7
-1
41
-1
-1
25
19
-1
-1
-1
68
73
25
88
110
-1
-1
-1
27
5
117
25
82
10
3
82
123
-1
-1
22
67
25
13
52
1
46
16
53
-1
53
-1
16
85
68
-1
28
-1
116
-1
-1
15
-1
-1
22
-1
13
3
63
1
-1
22
16
-1
97
12
84
104
72
116
25
-1
68
-1
12
123
-1
107
41
25
-1
30
53
97
50
73
116
116
41
-1
-1
-1
-1
-1
104
-1
-1
3
-1
123
-1
3
41
123
-1
77
-1
-1
1
-1
123
37
5
-1
25
-1
-1
82
28
-1
5
-1
-1
74
50
16
82
-1
-1
78
42
28
104
69
-1
-1
81
1
29
-1
73
104
104
104
54
-1
16
-1
-1
-1
88
76
53
53
68
7
-1
-1
116
-1
82
116
41
-1
-1
67
116
-1
-1
53
64
102
104
70
-1
55
5
88
28
77
82
65
16
-1
16
95
68
-1
82
33
89
25
-1
-1
123
41
-1
41
92
3
-1
50
29
116
5
95
16
28
64
73
-1
-1
-1
-1
13
-1
-1
16
-1
50
110
-1
82
39
50
77
46
104
68
-1
-1
-1
68
-1
84
-1
42
-1
53
28
-1
36
68
123
43
42
29
46
7
110
-1
-1
40
-1
-1
-1
-1
-1
29
124
1
104
104
-1
-1
-1
92
66
-1
85
71
71
30
-1
29
6
84
104
82
45
-1
-1
-1
-1
116
16
-1
92
-1
-1
-1
-1
106
85
82
76
84
84
-1
19
-1
-1
-1
3
33
41
-1
116
-1
-1
55
123
16
97
110
43
-1
28
84
58
104
57
-1
14
-1
-1
15
25
-1
-1
-1
12
29
-1
92
22
-1
14
-1
-1
-1
41
39
85
104
-1
82
122
29
53
13
50
33
5
-1
86
123
-1
84
76
68
12
82
116
-1
-1
28
116
-1
5
42
123
71
-1
116
116
-1
3
97
16
-1
92
-1
-1
68
104
-1
28
104
30
53
25
-1
33
12
-1
-1
-1
71
-1
88
85
53
-1
89
8
-1
12
104
-1
30
84
-1
82
77
-1
-1
82
110
16
-1
-1
22
116
29
3
53
-1
124
124
68
15
-1
1
43
30
27
29
-1
17
83
-1
25
34
68
-1
110
22
16
84
-1
-1
-1
16
-1
68
116
15
89
16
123
-1
-1
53
28
104
110
-1
84
112
28
110
0
41
53
-1
104
81
22
77
18
104
12
-1
-1
42
104
42
-1
68
14
16
104
-1
-1
104
-1
86
-1
53
7
1
-1
-1
-1
41
-1
43
-1
-1
-1
68
-1
-1
104
-1
-1
25
67
-1
12
25
5
28
13
13
-1
1
-1
-1
116
13
12
-1
71
7
-1
10
-1
13
43
-1
42
124
73
41
116
1
-1
92
71
110
123
16
109
115
-1
22
88
30
22
116
82
16
81
119
41
53
53
-1
104
123
119
110
-1
29
68
12
28
22
1
28
-1
68
16
123
16
-1
40
13
37
-1
30
28
-1
71
71
13
-1
22
-1
43
43
107
-1
-1
-1
25
-1
47
29
16
25
-1
42
-1
58
95
-1
30
50
82
123
-1
82
46
1
29
123
50
41
124
49
92
84
-1
-1
-1
105
-1
-1
3
82
-1
16
68
88
88
68
109
10
104
-1
104
116
12
-1
95
71
-1
1
84
29
-1
-1
68
123
-1
28
5
104
77
27
5
-1
36
-1
-1
-1
67
42
16
89
-1
3
12
13
-1
50
25
95
14
4
-1
16
64
-1
-1
72
16
116
-1
-1
77
9
28
30
16
104
41
29
104
82
77
82
92
22
5
-1
122
-1
-1
-1
28
68
-1
77
-1
-1
71
43
-1
53
116
-1
-1
77
-1
-1
73
68
47
30
16
85
16
16
86
12
-1
29
-1
-1
-1
106
41
7
116
66
104
12
-1
64
45
29
-1
71
50
-1
-1
71
-1
-1
33
41
-1
-1
-1
-1
-1
114
104
-1
45
58
58
71
-1
22
84
29
25
64
5
3
-1
104
56
-1
15
68
77
-1
41
22
-1
71
88
-1
120
-1
-1
-1
-1
42
3
46
-1
116
116
-1
5
77
-1
-1
104
19
-1
-1
13
95
48
25
124
29
-1
41
116
103
-1
104
-1
22
-1
43
-1
16
5
68
-1
-1
68
50
1
29
3
-1
16
13
16
19
-1
25
71
5
82
110
-1
-1
14
123
5
29
-1
1
104
12
-1
33
68
-1
-1
-1
105
19
29
71
71
97
29
-1
-1
13
5
123
82
116
43
-1
82
41
111
-1
110
12
42
-1
28
50
22
37
104
13
123
-1
68
-1
-1
-1
3
54
82
-1
29
-1
-1
32
-1
-1
29
26
-1
12
-1
-1
97
14
123
22
5
-1
71
82
3
41
16
43
-1
-1
-1
71
-1
-1
110
-1
-1
-1
-1
104
41
31
95
42
5
5
-1
50
82
124
5
-1
-1
12
-1
-1
84
77
123
-1
95
68
